{
 "cells": [
  {
   "cell_type": "code",
   "execution_count": 1,
   "metadata": {},
   "outputs": [],
   "source": [
    "import pandas as pd\n",
    "import numpy as np\n",
    "import matplotlib.pyplot as plt\n",
    "import seaborn as sns\n",
    "%matplotlib inline"
   ]
  },
  {
   "cell_type": "code",
   "execution_count": 2,
   "metadata": {},
   "outputs": [],
   "source": [
    "df=pd.read_csv('Algerian_forest_fires_cleaned_dataset.csv')"
   ]
  },
  {
   "cell_type": "code",
   "execution_count": 3,
   "metadata": {},
   "outputs": [
    {
     "data": {
      "text/html": [
       "<div>\n",
       "<style scoped>\n",
       "    .dataframe tbody tr th:only-of-type {\n",
       "        vertical-align: middle;\n",
       "    }\n",
       "\n",
       "    .dataframe tbody tr th {\n",
       "        vertical-align: top;\n",
       "    }\n",
       "\n",
       "    .dataframe thead th {\n",
       "        text-align: right;\n",
       "    }\n",
       "</style>\n",
       "<table border=\"1\" class=\"dataframe\">\n",
       "  <thead>\n",
       "    <tr style=\"text-align: right;\">\n",
       "      <th></th>\n",
       "      <th>day</th>\n",
       "      <th>month</th>\n",
       "      <th>year</th>\n",
       "      <th>Temperature</th>\n",
       "      <th>RH</th>\n",
       "      <th>Ws</th>\n",
       "      <th>Rain</th>\n",
       "      <th>FFMC</th>\n",
       "      <th>DMC</th>\n",
       "      <th>DC</th>\n",
       "      <th>ISI</th>\n",
       "      <th>BUI</th>\n",
       "      <th>FWI</th>\n",
       "      <th>Classes</th>\n",
       "      <th>Region</th>\n",
       "    </tr>\n",
       "  </thead>\n",
       "  <tbody>\n",
       "    <tr>\n",
       "      <th>0</th>\n",
       "      <td>1</td>\n",
       "      <td>6</td>\n",
       "      <td>2012</td>\n",
       "      <td>29</td>\n",
       "      <td>57</td>\n",
       "      <td>18</td>\n",
       "      <td>0.0</td>\n",
       "      <td>65.7</td>\n",
       "      <td>3.4</td>\n",
       "      <td>7.6</td>\n",
       "      <td>1.3</td>\n",
       "      <td>3.4</td>\n",
       "      <td>0.5</td>\n",
       "      <td>not fire</td>\n",
       "      <td>0</td>\n",
       "    </tr>\n",
       "    <tr>\n",
       "      <th>1</th>\n",
       "      <td>2</td>\n",
       "      <td>6</td>\n",
       "      <td>2012</td>\n",
       "      <td>29</td>\n",
       "      <td>61</td>\n",
       "      <td>13</td>\n",
       "      <td>1.3</td>\n",
       "      <td>64.4</td>\n",
       "      <td>4.1</td>\n",
       "      <td>7.6</td>\n",
       "      <td>1.0</td>\n",
       "      <td>3.9</td>\n",
       "      <td>0.4</td>\n",
       "      <td>not fire</td>\n",
       "      <td>0</td>\n",
       "    </tr>\n",
       "    <tr>\n",
       "      <th>2</th>\n",
       "      <td>3</td>\n",
       "      <td>6</td>\n",
       "      <td>2012</td>\n",
       "      <td>26</td>\n",
       "      <td>82</td>\n",
       "      <td>22</td>\n",
       "      <td>13.1</td>\n",
       "      <td>47.1</td>\n",
       "      <td>2.5</td>\n",
       "      <td>7.1</td>\n",
       "      <td>0.3</td>\n",
       "      <td>2.7</td>\n",
       "      <td>0.1</td>\n",
       "      <td>not fire</td>\n",
       "      <td>0</td>\n",
       "    </tr>\n",
       "    <tr>\n",
       "      <th>3</th>\n",
       "      <td>4</td>\n",
       "      <td>6</td>\n",
       "      <td>2012</td>\n",
       "      <td>25</td>\n",
       "      <td>89</td>\n",
       "      <td>13</td>\n",
       "      <td>2.5</td>\n",
       "      <td>28.6</td>\n",
       "      <td>1.3</td>\n",
       "      <td>6.9</td>\n",
       "      <td>0.0</td>\n",
       "      <td>1.7</td>\n",
       "      <td>0.0</td>\n",
       "      <td>not fire</td>\n",
       "      <td>0</td>\n",
       "    </tr>\n",
       "    <tr>\n",
       "      <th>4</th>\n",
       "      <td>5</td>\n",
       "      <td>6</td>\n",
       "      <td>2012</td>\n",
       "      <td>27</td>\n",
       "      <td>77</td>\n",
       "      <td>16</td>\n",
       "      <td>0.0</td>\n",
       "      <td>64.8</td>\n",
       "      <td>3.0</td>\n",
       "      <td>14.2</td>\n",
       "      <td>1.2</td>\n",
       "      <td>3.9</td>\n",
       "      <td>0.5</td>\n",
       "      <td>not fire</td>\n",
       "      <td>0</td>\n",
       "    </tr>\n",
       "  </tbody>\n",
       "</table>\n",
       "</div>"
      ],
      "text/plain": [
       "   day  month  year  Temperature  RH  Ws  Rain  FFMC  DMC    DC  ISI  BUI  \\\n",
       "0    1      6  2012           29  57  18   0.0  65.7  3.4   7.6  1.3  3.4   \n",
       "1    2      6  2012           29  61  13   1.3  64.4  4.1   7.6  1.0  3.9   \n",
       "2    3      6  2012           26  82  22  13.1  47.1  2.5   7.1  0.3  2.7   \n",
       "3    4      6  2012           25  89  13   2.5  28.6  1.3   6.9  0.0  1.7   \n",
       "4    5      6  2012           27  77  16   0.0  64.8  3.0  14.2  1.2  3.9   \n",
       "\n",
       "   FWI      Classes  Region  \n",
       "0  0.5  not fire          0  \n",
       "1  0.4  not fire          0  \n",
       "2  0.1  not fire          0  \n",
       "3  0.0  not fire          0  \n",
       "4  0.5  not fire          0  "
      ]
     },
     "execution_count": 3,
     "metadata": {},
     "output_type": "execute_result"
    }
   ],
   "source": [
    "df.head()"
   ]
  },
  {
   "cell_type": "code",
   "execution_count": 4,
   "metadata": {},
   "outputs": [
    {
     "data": {
      "text/plain": [
       "Index(['day', 'month', 'year', 'Temperature', 'RH', 'Ws', 'Rain', 'FFMC',\n",
       "       'DMC', 'DC', 'ISI', 'BUI', 'FWI', 'Classes', 'Region'],\n",
       "      dtype='object')"
      ]
     },
     "execution_count": 4,
     "metadata": {},
     "output_type": "execute_result"
    }
   ],
   "source": [
    "df.columns"
   ]
  },
  {
   "cell_type": "code",
   "execution_count": 5,
   "metadata": {},
   "outputs": [],
   "source": [
    "# drop month year and day columns\n",
    "df.drop(['day', 'month', 'year'], axis=1, inplace=True)"
   ]
  },
  {
   "cell_type": "code",
   "execution_count": 6,
   "metadata": {},
   "outputs": [
    {
     "data": {
      "text/html": [
       "<div>\n",
       "<style scoped>\n",
       "    .dataframe tbody tr th:only-of-type {\n",
       "        vertical-align: middle;\n",
       "    }\n",
       "\n",
       "    .dataframe tbody tr th {\n",
       "        vertical-align: top;\n",
       "    }\n",
       "\n",
       "    .dataframe thead th {\n",
       "        text-align: right;\n",
       "    }\n",
       "</style>\n",
       "<table border=\"1\" class=\"dataframe\">\n",
       "  <thead>\n",
       "    <tr style=\"text-align: right;\">\n",
       "      <th></th>\n",
       "      <th>Temperature</th>\n",
       "      <th>RH</th>\n",
       "      <th>Ws</th>\n",
       "      <th>Rain</th>\n",
       "      <th>FFMC</th>\n",
       "      <th>DMC</th>\n",
       "      <th>DC</th>\n",
       "      <th>ISI</th>\n",
       "      <th>BUI</th>\n",
       "      <th>FWI</th>\n",
       "      <th>Classes</th>\n",
       "      <th>Region</th>\n",
       "    </tr>\n",
       "  </thead>\n",
       "  <tbody>\n",
       "    <tr>\n",
       "      <th>0</th>\n",
       "      <td>29</td>\n",
       "      <td>57</td>\n",
       "      <td>18</td>\n",
       "      <td>0.0</td>\n",
       "      <td>65.7</td>\n",
       "      <td>3.4</td>\n",
       "      <td>7.6</td>\n",
       "      <td>1.3</td>\n",
       "      <td>3.4</td>\n",
       "      <td>0.5</td>\n",
       "      <td>not fire</td>\n",
       "      <td>0</td>\n",
       "    </tr>\n",
       "    <tr>\n",
       "      <th>1</th>\n",
       "      <td>29</td>\n",
       "      <td>61</td>\n",
       "      <td>13</td>\n",
       "      <td>1.3</td>\n",
       "      <td>64.4</td>\n",
       "      <td>4.1</td>\n",
       "      <td>7.6</td>\n",
       "      <td>1.0</td>\n",
       "      <td>3.9</td>\n",
       "      <td>0.4</td>\n",
       "      <td>not fire</td>\n",
       "      <td>0</td>\n",
       "    </tr>\n",
       "    <tr>\n",
       "      <th>2</th>\n",
       "      <td>26</td>\n",
       "      <td>82</td>\n",
       "      <td>22</td>\n",
       "      <td>13.1</td>\n",
       "      <td>47.1</td>\n",
       "      <td>2.5</td>\n",
       "      <td>7.1</td>\n",
       "      <td>0.3</td>\n",
       "      <td>2.7</td>\n",
       "      <td>0.1</td>\n",
       "      <td>not fire</td>\n",
       "      <td>0</td>\n",
       "    </tr>\n",
       "    <tr>\n",
       "      <th>3</th>\n",
       "      <td>25</td>\n",
       "      <td>89</td>\n",
       "      <td>13</td>\n",
       "      <td>2.5</td>\n",
       "      <td>28.6</td>\n",
       "      <td>1.3</td>\n",
       "      <td>6.9</td>\n",
       "      <td>0.0</td>\n",
       "      <td>1.7</td>\n",
       "      <td>0.0</td>\n",
       "      <td>not fire</td>\n",
       "      <td>0</td>\n",
       "    </tr>\n",
       "    <tr>\n",
       "      <th>4</th>\n",
       "      <td>27</td>\n",
       "      <td>77</td>\n",
       "      <td>16</td>\n",
       "      <td>0.0</td>\n",
       "      <td>64.8</td>\n",
       "      <td>3.0</td>\n",
       "      <td>14.2</td>\n",
       "      <td>1.2</td>\n",
       "      <td>3.9</td>\n",
       "      <td>0.5</td>\n",
       "      <td>not fire</td>\n",
       "      <td>0</td>\n",
       "    </tr>\n",
       "  </tbody>\n",
       "</table>\n",
       "</div>"
      ],
      "text/plain": [
       "   Temperature  RH  Ws  Rain  FFMC  DMC    DC  ISI  BUI  FWI      Classes  \\\n",
       "0           29  57  18   0.0  65.7  3.4   7.6  1.3  3.4  0.5  not fire      \n",
       "1           29  61  13   1.3  64.4  4.1   7.6  1.0  3.9  0.4  not fire      \n",
       "2           26  82  22  13.1  47.1  2.5   7.1  0.3  2.7  0.1  not fire      \n",
       "3           25  89  13   2.5  28.6  1.3   6.9  0.0  1.7  0.0  not fire      \n",
       "4           27  77  16   0.0  64.8  3.0  14.2  1.2  3.9  0.5  not fire      \n",
       "\n",
       "   Region  \n",
       "0       0  \n",
       "1       0  \n",
       "2       0  \n",
       "3       0  \n",
       "4       0  "
      ]
     },
     "execution_count": 6,
     "metadata": {},
     "output_type": "execute_result"
    }
   ],
   "source": [
    "df.head()"
   ]
  },
  {
   "cell_type": "code",
   "execution_count": 7,
   "metadata": {},
   "outputs": [
    {
     "data": {
      "text/plain": [
       "fire             131\n",
       "not fire         101\n",
       "fire               4\n",
       "fire               2\n",
       "not fire           2\n",
       "not fire           1\n",
       "not fire           1\n",
       "not fire           1\n",
       "Name: Classes, dtype: int64"
      ]
     },
     "execution_count": 7,
     "metadata": {},
     "output_type": "execute_result"
    }
   ],
   "source": [
    "df['Classes'].value_counts()"
   ]
  },
  {
   "cell_type": "code",
   "execution_count": 8,
   "metadata": {},
   "outputs": [],
   "source": [
    "# Encoding \n",
    "df['Classes'] = np.where(df['Classes'].str.contains(\"not fire\"), 0, 1)"
   ]
  },
  {
   "cell_type": "code",
   "execution_count": 9,
   "metadata": {},
   "outputs": [
    {
     "data": {
      "text/html": [
       "<div>\n",
       "<style scoped>\n",
       "    .dataframe tbody tr th:only-of-type {\n",
       "        vertical-align: middle;\n",
       "    }\n",
       "\n",
       "    .dataframe tbody tr th {\n",
       "        vertical-align: top;\n",
       "    }\n",
       "\n",
       "    .dataframe thead th {\n",
       "        text-align: right;\n",
       "    }\n",
       "</style>\n",
       "<table border=\"1\" class=\"dataframe\">\n",
       "  <thead>\n",
       "    <tr style=\"text-align: right;\">\n",
       "      <th></th>\n",
       "      <th>Temperature</th>\n",
       "      <th>RH</th>\n",
       "      <th>Ws</th>\n",
       "      <th>Rain</th>\n",
       "      <th>FFMC</th>\n",
       "      <th>DMC</th>\n",
       "      <th>DC</th>\n",
       "      <th>ISI</th>\n",
       "      <th>BUI</th>\n",
       "      <th>FWI</th>\n",
       "      <th>Classes</th>\n",
       "      <th>Region</th>\n",
       "    </tr>\n",
       "  </thead>\n",
       "  <tbody>\n",
       "    <tr>\n",
       "      <th>238</th>\n",
       "      <td>30</td>\n",
       "      <td>65</td>\n",
       "      <td>14</td>\n",
       "      <td>0.0</td>\n",
       "      <td>85.4</td>\n",
       "      <td>16.0</td>\n",
       "      <td>44.5</td>\n",
       "      <td>4.5</td>\n",
       "      <td>16.9</td>\n",
       "      <td>6.5</td>\n",
       "      <td>1</td>\n",
       "      <td>1</td>\n",
       "    </tr>\n",
       "    <tr>\n",
       "      <th>239</th>\n",
       "      <td>28</td>\n",
       "      <td>87</td>\n",
       "      <td>15</td>\n",
       "      <td>4.4</td>\n",
       "      <td>41.1</td>\n",
       "      <td>6.5</td>\n",
       "      <td>8.0</td>\n",
       "      <td>0.1</td>\n",
       "      <td>6.2</td>\n",
       "      <td>0.0</td>\n",
       "      <td>0</td>\n",
       "      <td>1</td>\n",
       "    </tr>\n",
       "    <tr>\n",
       "      <th>240</th>\n",
       "      <td>27</td>\n",
       "      <td>87</td>\n",
       "      <td>29</td>\n",
       "      <td>0.5</td>\n",
       "      <td>45.9</td>\n",
       "      <td>3.5</td>\n",
       "      <td>7.9</td>\n",
       "      <td>0.4</td>\n",
       "      <td>3.4</td>\n",
       "      <td>0.2</td>\n",
       "      <td>0</td>\n",
       "      <td>1</td>\n",
       "    </tr>\n",
       "    <tr>\n",
       "      <th>241</th>\n",
       "      <td>24</td>\n",
       "      <td>54</td>\n",
       "      <td>18</td>\n",
       "      <td>0.1</td>\n",
       "      <td>79.7</td>\n",
       "      <td>4.3</td>\n",
       "      <td>15.2</td>\n",
       "      <td>1.7</td>\n",
       "      <td>5.1</td>\n",
       "      <td>0.7</td>\n",
       "      <td>0</td>\n",
       "      <td>1</td>\n",
       "    </tr>\n",
       "    <tr>\n",
       "      <th>242</th>\n",
       "      <td>24</td>\n",
       "      <td>64</td>\n",
       "      <td>15</td>\n",
       "      <td>0.2</td>\n",
       "      <td>67.3</td>\n",
       "      <td>3.8</td>\n",
       "      <td>16.5</td>\n",
       "      <td>1.2</td>\n",
       "      <td>4.8</td>\n",
       "      <td>0.5</td>\n",
       "      <td>0</td>\n",
       "      <td>1</td>\n",
       "    </tr>\n",
       "  </tbody>\n",
       "</table>\n",
       "</div>"
      ],
      "text/plain": [
       "     Temperature  RH  Ws  Rain  FFMC   DMC    DC  ISI   BUI  FWI  Classes  \\\n",
       "238           30  65  14   0.0  85.4  16.0  44.5  4.5  16.9  6.5        1   \n",
       "239           28  87  15   4.4  41.1   6.5   8.0  0.1   6.2  0.0        0   \n",
       "240           27  87  29   0.5  45.9   3.5   7.9  0.4   3.4  0.2        0   \n",
       "241           24  54  18   0.1  79.7   4.3  15.2  1.7   5.1  0.7        0   \n",
       "242           24  64  15   0.2  67.3   3.8  16.5  1.2   4.8  0.5        0   \n",
       "\n",
       "     Region  \n",
       "238       1  \n",
       "239       1  \n",
       "240       1  \n",
       "241       1  \n",
       "242       1  "
      ]
     },
     "execution_count": 9,
     "metadata": {},
     "output_type": "execute_result"
    }
   ],
   "source": [
    "df.tail()"
   ]
  },
  {
   "cell_type": "code",
   "execution_count": 10,
   "metadata": {},
   "outputs": [
    {
     "data": {
      "text/plain": [
       "1    137\n",
       "0    106\n",
       "Name: Classes, dtype: int64"
      ]
     },
     "execution_count": 10,
     "metadata": {},
     "output_type": "execute_result"
    }
   ],
   "source": [
    "df['Classes'].value_counts()"
   ]
  },
  {
   "cell_type": "code",
   "execution_count": 11,
   "metadata": {},
   "outputs": [],
   "source": [
    "# Split the dependent and independent feature\n",
    "X = df.drop('FWI',axis=1)\n",
    "y = df['FWI']"
   ]
  },
  {
   "cell_type": "code",
   "execution_count": 12,
   "metadata": {},
   "outputs": [
    {
     "data": {
      "text/html": [
       "<div>\n",
       "<style scoped>\n",
       "    .dataframe tbody tr th:only-of-type {\n",
       "        vertical-align: middle;\n",
       "    }\n",
       "\n",
       "    .dataframe tbody tr th {\n",
       "        vertical-align: top;\n",
       "    }\n",
       "\n",
       "    .dataframe thead th {\n",
       "        text-align: right;\n",
       "    }\n",
       "</style>\n",
       "<table border=\"1\" class=\"dataframe\">\n",
       "  <thead>\n",
       "    <tr style=\"text-align: right;\">\n",
       "      <th></th>\n",
       "      <th>Temperature</th>\n",
       "      <th>RH</th>\n",
       "      <th>Ws</th>\n",
       "      <th>Rain</th>\n",
       "      <th>FFMC</th>\n",
       "      <th>DMC</th>\n",
       "      <th>DC</th>\n",
       "      <th>ISI</th>\n",
       "      <th>BUI</th>\n",
       "      <th>Classes</th>\n",
       "      <th>Region</th>\n",
       "    </tr>\n",
       "  </thead>\n",
       "  <tbody>\n",
       "    <tr>\n",
       "      <th>0</th>\n",
       "      <td>29</td>\n",
       "      <td>57</td>\n",
       "      <td>18</td>\n",
       "      <td>0.0</td>\n",
       "      <td>65.7</td>\n",
       "      <td>3.4</td>\n",
       "      <td>7.6</td>\n",
       "      <td>1.3</td>\n",
       "      <td>3.4</td>\n",
       "      <td>0</td>\n",
       "      <td>0</td>\n",
       "    </tr>\n",
       "    <tr>\n",
       "      <th>1</th>\n",
       "      <td>29</td>\n",
       "      <td>61</td>\n",
       "      <td>13</td>\n",
       "      <td>1.3</td>\n",
       "      <td>64.4</td>\n",
       "      <td>4.1</td>\n",
       "      <td>7.6</td>\n",
       "      <td>1.0</td>\n",
       "      <td>3.9</td>\n",
       "      <td>0</td>\n",
       "      <td>0</td>\n",
       "    </tr>\n",
       "    <tr>\n",
       "      <th>2</th>\n",
       "      <td>26</td>\n",
       "      <td>82</td>\n",
       "      <td>22</td>\n",
       "      <td>13.1</td>\n",
       "      <td>47.1</td>\n",
       "      <td>2.5</td>\n",
       "      <td>7.1</td>\n",
       "      <td>0.3</td>\n",
       "      <td>2.7</td>\n",
       "      <td>0</td>\n",
       "      <td>0</td>\n",
       "    </tr>\n",
       "    <tr>\n",
       "      <th>3</th>\n",
       "      <td>25</td>\n",
       "      <td>89</td>\n",
       "      <td>13</td>\n",
       "      <td>2.5</td>\n",
       "      <td>28.6</td>\n",
       "      <td>1.3</td>\n",
       "      <td>6.9</td>\n",
       "      <td>0.0</td>\n",
       "      <td>1.7</td>\n",
       "      <td>0</td>\n",
       "      <td>0</td>\n",
       "    </tr>\n",
       "    <tr>\n",
       "      <th>4</th>\n",
       "      <td>27</td>\n",
       "      <td>77</td>\n",
       "      <td>16</td>\n",
       "      <td>0.0</td>\n",
       "      <td>64.8</td>\n",
       "      <td>3.0</td>\n",
       "      <td>14.2</td>\n",
       "      <td>1.2</td>\n",
       "      <td>3.9</td>\n",
       "      <td>0</td>\n",
       "      <td>0</td>\n",
       "    </tr>\n",
       "  </tbody>\n",
       "</table>\n",
       "</div>"
      ],
      "text/plain": [
       "   Temperature  RH  Ws  Rain  FFMC  DMC    DC  ISI  BUI  Classes  Region\n",
       "0           29  57  18   0.0  65.7  3.4   7.6  1.3  3.4        0       0\n",
       "1           29  61  13   1.3  64.4  4.1   7.6  1.0  3.9        0       0\n",
       "2           26  82  22  13.1  47.1  2.5   7.1  0.3  2.7        0       0\n",
       "3           25  89  13   2.5  28.6  1.3   6.9  0.0  1.7        0       0\n",
       "4           27  77  16   0.0  64.8  3.0  14.2  1.2  3.9        0       0"
      ]
     },
     "execution_count": 12,
     "metadata": {},
     "output_type": "execute_result"
    }
   ],
   "source": [
    "X.head()"
   ]
  },
  {
   "cell_type": "code",
   "execution_count": 13,
   "metadata": {},
   "outputs": [
    {
     "data": {
      "text/plain": [
       "0    0.5\n",
       "1    0.4\n",
       "2    0.1\n",
       "3    0.0\n",
       "4    0.5\n",
       "Name: FWI, dtype: float64"
      ]
     },
     "execution_count": 13,
     "metadata": {},
     "output_type": "execute_result"
    }
   ],
   "source": [
    "y.head()"
   ]
  },
  {
   "cell_type": "code",
   "execution_count": 14,
   "metadata": {},
   "outputs": [],
   "source": [
    "# Train test split\n",
    "from sklearn.model_selection import train_test_split\n",
    "X_train, X_test, y_train, y_test = train_test_split(X, y, test_size=0.25, random_state=42)"
   ]
  },
  {
   "cell_type": "code",
   "execution_count": 15,
   "metadata": {},
   "outputs": [
    {
     "data": {
      "text/plain": [
       "((182, 11), (61, 11))"
      ]
     },
     "execution_count": 15,
     "metadata": {},
     "output_type": "execute_result"
    }
   ],
   "source": [
    "X_train.shape, X_test.shape"
   ]
  },
  {
   "cell_type": "code",
   "execution_count": 16,
   "metadata": {},
   "outputs": [
    {
     "data": {
      "text/html": [
       "<div>\n",
       "<style scoped>\n",
       "    .dataframe tbody tr th:only-of-type {\n",
       "        vertical-align: middle;\n",
       "    }\n",
       "\n",
       "    .dataframe tbody tr th {\n",
       "        vertical-align: top;\n",
       "    }\n",
       "\n",
       "    .dataframe thead th {\n",
       "        text-align: right;\n",
       "    }\n",
       "</style>\n",
       "<table border=\"1\" class=\"dataframe\">\n",
       "  <thead>\n",
       "    <tr style=\"text-align: right;\">\n",
       "      <th></th>\n",
       "      <th>Temperature</th>\n",
       "      <th>RH</th>\n",
       "      <th>Ws</th>\n",
       "      <th>Rain</th>\n",
       "      <th>FFMC</th>\n",
       "      <th>DMC</th>\n",
       "      <th>DC</th>\n",
       "      <th>ISI</th>\n",
       "      <th>BUI</th>\n",
       "      <th>Classes</th>\n",
       "      <th>Region</th>\n",
       "    </tr>\n",
       "  </thead>\n",
       "  <tbody>\n",
       "    <tr>\n",
       "      <th>Temperature</th>\n",
       "      <td>1.000000</td>\n",
       "      <td>-0.656095</td>\n",
       "      <td>-0.305977</td>\n",
       "      <td>-0.317512</td>\n",
       "      <td>0.694768</td>\n",
       "      <td>0.498173</td>\n",
       "      <td>0.390684</td>\n",
       "      <td>0.629848</td>\n",
       "      <td>0.473609</td>\n",
       "      <td>0.542141</td>\n",
       "      <td>0.254549</td>\n",
       "    </tr>\n",
       "    <tr>\n",
       "      <th>RH</th>\n",
       "      <td>-0.656095</td>\n",
       "      <td>1.000000</td>\n",
       "      <td>0.225736</td>\n",
       "      <td>0.241656</td>\n",
       "      <td>-0.653023</td>\n",
       "      <td>-0.414601</td>\n",
       "      <td>-0.236078</td>\n",
       "      <td>-0.717804</td>\n",
       "      <td>-0.362317</td>\n",
       "      <td>-0.456876</td>\n",
       "      <td>-0.394665</td>\n",
       "    </tr>\n",
       "    <tr>\n",
       "      <th>Ws</th>\n",
       "      <td>-0.305977</td>\n",
       "      <td>0.225736</td>\n",
       "      <td>1.000000</td>\n",
       "      <td>0.251932</td>\n",
       "      <td>-0.190076</td>\n",
       "      <td>0.000379</td>\n",
       "      <td>0.096576</td>\n",
       "      <td>-0.023558</td>\n",
       "      <td>0.035633</td>\n",
       "      <td>-0.082570</td>\n",
       "      <td>-0.199969</td>\n",
       "    </tr>\n",
       "    <tr>\n",
       "      <th>Rain</th>\n",
       "      <td>-0.317512</td>\n",
       "      <td>0.241656</td>\n",
       "      <td>0.251932</td>\n",
       "      <td>1.000000</td>\n",
       "      <td>-0.545491</td>\n",
       "      <td>-0.289754</td>\n",
       "      <td>-0.302341</td>\n",
       "      <td>-0.345707</td>\n",
       "      <td>-0.300964</td>\n",
       "      <td>-0.369357</td>\n",
       "      <td>-0.059022</td>\n",
       "    </tr>\n",
       "    <tr>\n",
       "      <th>FFMC</th>\n",
       "      <td>0.694768</td>\n",
       "      <td>-0.653023</td>\n",
       "      <td>-0.190076</td>\n",
       "      <td>-0.545491</td>\n",
       "      <td>1.000000</td>\n",
       "      <td>0.620807</td>\n",
       "      <td>0.524101</td>\n",
       "      <td>0.750799</td>\n",
       "      <td>0.607210</td>\n",
       "      <td>0.781259</td>\n",
       "      <td>0.249514</td>\n",
       "    </tr>\n",
       "    <tr>\n",
       "      <th>DMC</th>\n",
       "      <td>0.498173</td>\n",
       "      <td>-0.414601</td>\n",
       "      <td>0.000379</td>\n",
       "      <td>-0.289754</td>\n",
       "      <td>0.620807</td>\n",
       "      <td>1.000000</td>\n",
       "      <td>0.868647</td>\n",
       "      <td>0.685656</td>\n",
       "      <td>0.983175</td>\n",
       "      <td>0.617273</td>\n",
       "      <td>0.212582</td>\n",
       "    </tr>\n",
       "    <tr>\n",
       "      <th>DC</th>\n",
       "      <td>0.390684</td>\n",
       "      <td>-0.236078</td>\n",
       "      <td>0.096576</td>\n",
       "      <td>-0.302341</td>\n",
       "      <td>0.524101</td>\n",
       "      <td>0.868647</td>\n",
       "      <td>1.000000</td>\n",
       "      <td>0.513701</td>\n",
       "      <td>0.942414</td>\n",
       "      <td>0.543581</td>\n",
       "      <td>-0.060838</td>\n",
       "    </tr>\n",
       "    <tr>\n",
       "      <th>ISI</th>\n",
       "      <td>0.629848</td>\n",
       "      <td>-0.717804</td>\n",
       "      <td>-0.023558</td>\n",
       "      <td>-0.345707</td>\n",
       "      <td>0.750799</td>\n",
       "      <td>0.685656</td>\n",
       "      <td>0.513701</td>\n",
       "      <td>1.000000</td>\n",
       "      <td>0.643818</td>\n",
       "      <td>0.742977</td>\n",
       "      <td>0.296441</td>\n",
       "    </tr>\n",
       "    <tr>\n",
       "      <th>BUI</th>\n",
       "      <td>0.473609</td>\n",
       "      <td>-0.362317</td>\n",
       "      <td>0.035633</td>\n",
       "      <td>-0.300964</td>\n",
       "      <td>0.607210</td>\n",
       "      <td>0.983175</td>\n",
       "      <td>0.942414</td>\n",
       "      <td>0.643818</td>\n",
       "      <td>1.000000</td>\n",
       "      <td>0.612239</td>\n",
       "      <td>0.114897</td>\n",
       "    </tr>\n",
       "    <tr>\n",
       "      <th>Classes</th>\n",
       "      <td>0.542141</td>\n",
       "      <td>-0.456876</td>\n",
       "      <td>-0.082570</td>\n",
       "      <td>-0.369357</td>\n",
       "      <td>0.781259</td>\n",
       "      <td>0.617273</td>\n",
       "      <td>0.543581</td>\n",
       "      <td>0.742977</td>\n",
       "      <td>0.612239</td>\n",
       "      <td>1.000000</td>\n",
       "      <td>0.188837</td>\n",
       "    </tr>\n",
       "    <tr>\n",
       "      <th>Region</th>\n",
       "      <td>0.254549</td>\n",
       "      <td>-0.394665</td>\n",
       "      <td>-0.199969</td>\n",
       "      <td>-0.059022</td>\n",
       "      <td>0.249514</td>\n",
       "      <td>0.212582</td>\n",
       "      <td>-0.060838</td>\n",
       "      <td>0.296441</td>\n",
       "      <td>0.114897</td>\n",
       "      <td>0.188837</td>\n",
       "      <td>1.000000</td>\n",
       "    </tr>\n",
       "  </tbody>\n",
       "</table>\n",
       "</div>"
      ],
      "text/plain": [
       "             Temperature        RH        Ws      Rain      FFMC       DMC  \\\n",
       "Temperature     1.000000 -0.656095 -0.305977 -0.317512  0.694768  0.498173   \n",
       "RH             -0.656095  1.000000  0.225736  0.241656 -0.653023 -0.414601   \n",
       "Ws             -0.305977  0.225736  1.000000  0.251932 -0.190076  0.000379   \n",
       "Rain           -0.317512  0.241656  0.251932  1.000000 -0.545491 -0.289754   \n",
       "FFMC            0.694768 -0.653023 -0.190076 -0.545491  1.000000  0.620807   \n",
       "DMC             0.498173 -0.414601  0.000379 -0.289754  0.620807  1.000000   \n",
       "DC              0.390684 -0.236078  0.096576 -0.302341  0.524101  0.868647   \n",
       "ISI             0.629848 -0.717804 -0.023558 -0.345707  0.750799  0.685656   \n",
       "BUI             0.473609 -0.362317  0.035633 -0.300964  0.607210  0.983175   \n",
       "Classes         0.542141 -0.456876 -0.082570 -0.369357  0.781259  0.617273   \n",
       "Region          0.254549 -0.394665 -0.199969 -0.059022  0.249514  0.212582   \n",
       "\n",
       "                   DC       ISI       BUI   Classes    Region  \n",
       "Temperature  0.390684  0.629848  0.473609  0.542141  0.254549  \n",
       "RH          -0.236078 -0.717804 -0.362317 -0.456876 -0.394665  \n",
       "Ws           0.096576 -0.023558  0.035633 -0.082570 -0.199969  \n",
       "Rain        -0.302341 -0.345707 -0.300964 -0.369357 -0.059022  \n",
       "FFMC         0.524101  0.750799  0.607210  0.781259  0.249514  \n",
       "DMC          0.868647  0.685656  0.983175  0.617273  0.212582  \n",
       "DC           1.000000  0.513701  0.942414  0.543581 -0.060838  \n",
       "ISI          0.513701  1.000000  0.643818  0.742977  0.296441  \n",
       "BUI          0.942414  0.643818  1.000000  0.612239  0.114897  \n",
       "Classes      0.543581  0.742977  0.612239  1.000000  0.188837  \n",
       "Region      -0.060838  0.296441  0.114897  0.188837  1.000000  "
      ]
     },
     "execution_count": 16,
     "metadata": {},
     "output_type": "execute_result"
    }
   ],
   "source": [
    "# Feature selection based on correlation\n",
    "X_train.corr()"
   ]
  },
  {
   "attachments": {},
   "cell_type": "markdown",
   "metadata": {},
   "source": [
    "# Feature Selection"
   ]
  },
  {
   "cell_type": "code",
   "execution_count": 17,
   "metadata": {},
   "outputs": [
    {
     "data": {
      "text/html": [
       "<div>\n",
       "<style scoped>\n",
       "    .dataframe tbody tr th:only-of-type {\n",
       "        vertical-align: middle;\n",
       "    }\n",
       "\n",
       "    .dataframe tbody tr th {\n",
       "        vertical-align: top;\n",
       "    }\n",
       "\n",
       "    .dataframe thead th {\n",
       "        text-align: right;\n",
       "    }\n",
       "</style>\n",
       "<table border=\"1\" class=\"dataframe\">\n",
       "  <thead>\n",
       "    <tr style=\"text-align: right;\">\n",
       "      <th></th>\n",
       "      <th>Temperature</th>\n",
       "      <th>RH</th>\n",
       "      <th>Ws</th>\n",
       "      <th>Rain</th>\n",
       "      <th>FFMC</th>\n",
       "      <th>DMC</th>\n",
       "      <th>DC</th>\n",
       "      <th>ISI</th>\n",
       "      <th>BUI</th>\n",
       "      <th>Classes</th>\n",
       "      <th>Region</th>\n",
       "    </tr>\n",
       "  </thead>\n",
       "  <tbody>\n",
       "    <tr>\n",
       "      <th>Temperature</th>\n",
       "      <td>1.000000</td>\n",
       "      <td>-0.656095</td>\n",
       "      <td>-0.305977</td>\n",
       "      <td>-0.317512</td>\n",
       "      <td>0.694768</td>\n",
       "      <td>0.498173</td>\n",
       "      <td>0.390684</td>\n",
       "      <td>0.629848</td>\n",
       "      <td>0.473609</td>\n",
       "      <td>0.542141</td>\n",
       "      <td>0.254549</td>\n",
       "    </tr>\n",
       "    <tr>\n",
       "      <th>RH</th>\n",
       "      <td>-0.656095</td>\n",
       "      <td>1.000000</td>\n",
       "      <td>0.225736</td>\n",
       "      <td>0.241656</td>\n",
       "      <td>-0.653023</td>\n",
       "      <td>-0.414601</td>\n",
       "      <td>-0.236078</td>\n",
       "      <td>-0.717804</td>\n",
       "      <td>-0.362317</td>\n",
       "      <td>-0.456876</td>\n",
       "      <td>-0.394665</td>\n",
       "    </tr>\n",
       "    <tr>\n",
       "      <th>Ws</th>\n",
       "      <td>-0.305977</td>\n",
       "      <td>0.225736</td>\n",
       "      <td>1.000000</td>\n",
       "      <td>0.251932</td>\n",
       "      <td>-0.190076</td>\n",
       "      <td>0.000379</td>\n",
       "      <td>0.096576</td>\n",
       "      <td>-0.023558</td>\n",
       "      <td>0.035633</td>\n",
       "      <td>-0.082570</td>\n",
       "      <td>-0.199969</td>\n",
       "    </tr>\n",
       "    <tr>\n",
       "      <th>Rain</th>\n",
       "      <td>-0.317512</td>\n",
       "      <td>0.241656</td>\n",
       "      <td>0.251932</td>\n",
       "      <td>1.000000</td>\n",
       "      <td>-0.545491</td>\n",
       "      <td>-0.289754</td>\n",
       "      <td>-0.302341</td>\n",
       "      <td>-0.345707</td>\n",
       "      <td>-0.300964</td>\n",
       "      <td>-0.369357</td>\n",
       "      <td>-0.059022</td>\n",
       "    </tr>\n",
       "    <tr>\n",
       "      <th>FFMC</th>\n",
       "      <td>0.694768</td>\n",
       "      <td>-0.653023</td>\n",
       "      <td>-0.190076</td>\n",
       "      <td>-0.545491</td>\n",
       "      <td>1.000000</td>\n",
       "      <td>0.620807</td>\n",
       "      <td>0.524101</td>\n",
       "      <td>0.750799</td>\n",
       "      <td>0.607210</td>\n",
       "      <td>0.781259</td>\n",
       "      <td>0.249514</td>\n",
       "    </tr>\n",
       "    <tr>\n",
       "      <th>DMC</th>\n",
       "      <td>0.498173</td>\n",
       "      <td>-0.414601</td>\n",
       "      <td>0.000379</td>\n",
       "      <td>-0.289754</td>\n",
       "      <td>0.620807</td>\n",
       "      <td>1.000000</td>\n",
       "      <td>0.868647</td>\n",
       "      <td>0.685656</td>\n",
       "      <td>0.983175</td>\n",
       "      <td>0.617273</td>\n",
       "      <td>0.212582</td>\n",
       "    </tr>\n",
       "    <tr>\n",
       "      <th>DC</th>\n",
       "      <td>0.390684</td>\n",
       "      <td>-0.236078</td>\n",
       "      <td>0.096576</td>\n",
       "      <td>-0.302341</td>\n",
       "      <td>0.524101</td>\n",
       "      <td>0.868647</td>\n",
       "      <td>1.000000</td>\n",
       "      <td>0.513701</td>\n",
       "      <td>0.942414</td>\n",
       "      <td>0.543581</td>\n",
       "      <td>-0.060838</td>\n",
       "    </tr>\n",
       "    <tr>\n",
       "      <th>ISI</th>\n",
       "      <td>0.629848</td>\n",
       "      <td>-0.717804</td>\n",
       "      <td>-0.023558</td>\n",
       "      <td>-0.345707</td>\n",
       "      <td>0.750799</td>\n",
       "      <td>0.685656</td>\n",
       "      <td>0.513701</td>\n",
       "      <td>1.000000</td>\n",
       "      <td>0.643818</td>\n",
       "      <td>0.742977</td>\n",
       "      <td>0.296441</td>\n",
       "    </tr>\n",
       "    <tr>\n",
       "      <th>BUI</th>\n",
       "      <td>0.473609</td>\n",
       "      <td>-0.362317</td>\n",
       "      <td>0.035633</td>\n",
       "      <td>-0.300964</td>\n",
       "      <td>0.607210</td>\n",
       "      <td>0.983175</td>\n",
       "      <td>0.942414</td>\n",
       "      <td>0.643818</td>\n",
       "      <td>1.000000</td>\n",
       "      <td>0.612239</td>\n",
       "      <td>0.114897</td>\n",
       "    </tr>\n",
       "    <tr>\n",
       "      <th>Classes</th>\n",
       "      <td>0.542141</td>\n",
       "      <td>-0.456876</td>\n",
       "      <td>-0.082570</td>\n",
       "      <td>-0.369357</td>\n",
       "      <td>0.781259</td>\n",
       "      <td>0.617273</td>\n",
       "      <td>0.543581</td>\n",
       "      <td>0.742977</td>\n",
       "      <td>0.612239</td>\n",
       "      <td>1.000000</td>\n",
       "      <td>0.188837</td>\n",
       "    </tr>\n",
       "    <tr>\n",
       "      <th>Region</th>\n",
       "      <td>0.254549</td>\n",
       "      <td>-0.394665</td>\n",
       "      <td>-0.199969</td>\n",
       "      <td>-0.059022</td>\n",
       "      <td>0.249514</td>\n",
       "      <td>0.212582</td>\n",
       "      <td>-0.060838</td>\n",
       "      <td>0.296441</td>\n",
       "      <td>0.114897</td>\n",
       "      <td>0.188837</td>\n",
       "      <td>1.000000</td>\n",
       "    </tr>\n",
       "  </tbody>\n",
       "</table>\n",
       "</div>"
      ],
      "text/plain": [
       "             Temperature        RH        Ws      Rain      FFMC       DMC  \\\n",
       "Temperature     1.000000 -0.656095 -0.305977 -0.317512  0.694768  0.498173   \n",
       "RH             -0.656095  1.000000  0.225736  0.241656 -0.653023 -0.414601   \n",
       "Ws             -0.305977  0.225736  1.000000  0.251932 -0.190076  0.000379   \n",
       "Rain           -0.317512  0.241656  0.251932  1.000000 -0.545491 -0.289754   \n",
       "FFMC            0.694768 -0.653023 -0.190076 -0.545491  1.000000  0.620807   \n",
       "DMC             0.498173 -0.414601  0.000379 -0.289754  0.620807  1.000000   \n",
       "DC              0.390684 -0.236078  0.096576 -0.302341  0.524101  0.868647   \n",
       "ISI             0.629848 -0.717804 -0.023558 -0.345707  0.750799  0.685656   \n",
       "BUI             0.473609 -0.362317  0.035633 -0.300964  0.607210  0.983175   \n",
       "Classes         0.542141 -0.456876 -0.082570 -0.369357  0.781259  0.617273   \n",
       "Region          0.254549 -0.394665 -0.199969 -0.059022  0.249514  0.212582   \n",
       "\n",
       "                   DC       ISI       BUI   Classes    Region  \n",
       "Temperature  0.390684  0.629848  0.473609  0.542141  0.254549  \n",
       "RH          -0.236078 -0.717804 -0.362317 -0.456876 -0.394665  \n",
       "Ws           0.096576 -0.023558  0.035633 -0.082570 -0.199969  \n",
       "Rain        -0.302341 -0.345707 -0.300964 -0.369357 -0.059022  \n",
       "FFMC         0.524101  0.750799  0.607210  0.781259  0.249514  \n",
       "DMC          0.868647  0.685656  0.983175  0.617273  0.212582  \n",
       "DC           1.000000  0.513701  0.942414  0.543581 -0.060838  \n",
       "ISI          0.513701  1.000000  0.643818  0.742977  0.296441  \n",
       "BUI          0.942414  0.643818  1.000000  0.612239  0.114897  \n",
       "Classes      0.543581  0.742977  0.612239  1.000000  0.188837  \n",
       "Region      -0.060838  0.296441  0.114897  0.188837  1.000000  "
      ]
     },
     "execution_count": 17,
     "metadata": {},
     "output_type": "execute_result"
    }
   ],
   "source": [
    "X_train.corr()"
   ]
  },
  {
   "cell_type": "code",
   "execution_count": 18,
   "metadata": {},
   "outputs": [],
   "source": [
    "def correlation(dataset, threshold):\n",
    "    col_corr = set()\n",
    "    cor_matrix = dataset.corr()\n",
    "    for i in range(len(cor_matrix.columns)):\n",
    "        for j in range(i):\n",
    "            if abs(cor_matrix.iloc[i, j]) > threshold:\n",
    "                colname = cor_matrix.columns[i]\n",
    "                col_corr.add(colname)\n",
    "    return col_corr"
   ]
  },
  {
   "cell_type": "code",
   "execution_count": 19,
   "metadata": {},
   "outputs": [],
   "source": [
    "# Threshold - Domain expertise\n",
    "corr_features = correlation(X_train, 0.85)"
   ]
  },
  {
   "cell_type": "code",
   "execution_count": 20,
   "metadata": {},
   "outputs": [
    {
     "data": {
      "text/plain": [
       "{'BUI', 'DC'}"
      ]
     },
     "execution_count": 20,
     "metadata": {},
     "output_type": "execute_result"
    }
   ],
   "source": [
    "corr_features"
   ]
  },
  {
   "cell_type": "code",
   "execution_count": 21,
   "metadata": {},
   "outputs": [
    {
     "data": {
      "text/plain": [
       "((182, 9), (61, 9))"
      ]
     },
     "execution_count": 21,
     "metadata": {},
     "output_type": "execute_result"
    }
   ],
   "source": [
    "# drop features when correlation is more than 0.85\n",
    "X_train.drop(corr_features, axis=1, inplace=True)\n",
    "X_test.drop(corr_features, axis=1, inplace=True)\n",
    "X_train.shape, X_test.shape"
   ]
